Distance:37.39893
Speed:277.4521
Deviation:34.98172
