Condition:1
Distance:14.77645
Time:10.83775
Speed:1.363424
Deviation:0.5768446

Condition:1
Distance:10.05827
Time:3.968102
Speed:2.534781
Deviation:0.4246842

Condition:3
Distance:53.48639
Time:11.1513
Speed:4.796428
Deviation:2.182887

